1
2
3
4
5
6
7
8
9
10
11
12
13
14
15
16
17
18
19
20
21
22
23
24
25
27
28
29
30
31
32
33
34
35
36
37
38
39
40
42
43
44
45
46
48
49
50
51
52
53
54
55
56
59
60
61
62
63
64
65
66
67
68
69
70
72
73
75
76
77
78
79
80
81
82
83
84
86
87
88
89
92
93
94
96
97
98
99
100
101
103
104
105
106
108
109
111
112
113
114
115
119
121
122
123
124
125
126
127
128
130
131
132
134
135
137
138
139
140
142
143
147
148
149
150
152
154
156
157
160
161
162
163
164
168
170
171
173
174
175
177
183
184
185
188
189
190
192
196
197
199
200
202
203
205
207
208
209
210
211
215
216
218
219
220
225
226
227
228
230
231
236
238
240
241
242
243
244
245
247
252
255
256
258
264
269
271
272
276
277
281
283
284
285
286
289
291
293
295
296
298
301
305
308
310
314
316
317
318
319
320
321
322
323
325
330
331
338
339
341
342
344
345
349
350
353
356
358
359
360
363
365
368
369
371
372
374
379
386
387
389
392
393
399
402
407
408
411
413
416
419
421
423
426
427
428
432
433
435
436
437
438
440
458
459
461
462
463
464
475
477
478
481
483
488
492
496
497
499
502
504
506
512
516
517
521
526
529
540
545
551
555
556
560
561
577
579
581
584
589
594
595
597
598
606
609
613
614
616
618
622
626
638
640
643
646
647
649
653
656
663
666
670
671
672
676
681
682
685
687
690
692
694
695
700
701
704
708
718
726
727
728
739
740
751
768
770
777
780
782
788
799
804
813
822
825
826
829
831
832
833
840
851
854
857
859
862
866
867
872
876
884
885
887
896
901
907
917
919
920
926
930
936
942
952
953
957
959
964
965
968
974
975
983
984
1000
1001
1008
1018
1024
1030
1035
1044
1046
1055
1061
1064
1070
1071
1085
1098
1100
1121
1125
1128
1132
1137
1139
1143
1147
1151
1153
1157
1172
1174
1184
1186
1194
1200
1208
1211
1229
1243
1247
1250
1256
1259
1264
1267
1269
1270
1273
1276
1283
1293
1309
1313
1318
1323
1329
1340
1342
1343
1358
1360
1377
1378
1401
1404
1430
1437
1446
1452
1461
1462
1465
1466
1477
1481
1504
1511
1522
1525
1533
1536
1537
1544
1551
1568
1569
1571
1572
1582
1586
1590
1608
1617
1618
1626
1652
1659
1660
1664
1674
1678
1685
1690
1695
1711
1712
1714
1719
1732
1733
1734
1739
1740
1742
1745
1767
1788
1800
1808
1811
1815
1835
1836
1839
1840
1843
1851
1863
1871
1880
1882
1921
1936
1948
1955
1967
1977
1978
1994
